# RR intervals, free breathing
1.068
1.038
1.024
1.048
1.055
1.036
1.046
1.094
1.124
1.131
1.096
1.103
1.104
1.137
1.11
1.079
1.083
1.04
1.047
1.043
1.048
1.023
1.062
1.168
1.205
1.183
1.157
1.153
1.121
1.143
1.191
1.18
1.163
1.203
1.218
1.184
1.191
1.202
1.169
1.15
1.161
1.16
1.167
1.149
1.182
1.187
1.159
1.203
1.197
1.215
1.207
1.205
1.245
1.238
1.198
1.226
1.208
1.17
1.176
1.157
1.157
1.125
1.136
1.127
1.091
1.079
1.151
1.12
1.1
1.107
1.1
1.103
1.15
1.171
1.154
1.126
1.117
1.134
1.119
1.158
1.229
1.168
1.193
1.174
1.222
1.238
1.252
1.223
1.233
1.233
1.218
1.248
1.224
1.179
1.197
1.282
1.25
1.241
1.238
1.217
1.228
1.236
1.236
1.219
1.207
1.085
1.106
1.182
1.176
1.18
1.17
1.16
1.157
1.198
1.159
1.152
1.197
1.178
1.163
1.163
1.174
1.164
1.156
1.153
1.168
1.151
1.142
1.129
1.102
1.139
1.137
1.108
1.132
1.115
1.101
1.1
1.119
1.102
1.108
1.13
1.089
1.077
1.103
1.103
1.072
1.056
1.086
1.096
1.088
1.13
1.122
1.14
1.148
1.14
1.137
1.149
1.166
1.142
1.193
1.181
1.19
1.153
1.197
1.213
1.195
1.178
1.229
1.238
1.228
1.175
1.191
1.202
1.167
1.174
1.197
1.168
1.174
1.171
1.15
1.171
1.144
1.141
1.121
1.133
1.139
1.121
1.116
1.134
1.127
1.133
1.122
1.143
1.141
1.116
1.155
1.109
1.146
1.117
1.161
1.173
1.184
1.178
1.154
1.222
1.168
1.192
1.132
1.186
1.229
1.175
1.178
1.198
1.176
1.212
1.234
1.215
1.202
1.226
1.173
1.187
1.177
1.199
1.214
1.204
1.15
1.177
1.166
1.168
1.223
1.182
1.146
1.195
1.134
1.157
1.186
1.19
1.226
1.164
1.169
1.226
1.165
1.223
1.165
1.199
1.181
1.144
1.121
1.098
1.14
1.131
1.097
1.11
1.137
1.102
1.14
1.146
1.159
1.155
1.133
1.155

