# RR intervals, rhythmhic breathing at 0.25 Hz
1.095
1.176
1.097
1.089
1.214
1.143
1.095
1.111
1.165
1.088
1.085
1.166
1.13
1.094
1.095
1.144
1.067
1.069
1.119
1.115
1.094
1.104
1.172
1.073
1.086
1.126
1.149
1.074
1.073
1.174
1.095
1.091
1.134
1.129
1.085
1.086
1.154
1.095
1.084
1.122
1.139
1.088
1.072
1.124
1.116
1.076
1.064
1.119
1.1
1.072
1.072
1.116
1.098
1.11
1.06
1.101
1.052
1.061
1.081
1.112
1.063
1.076
1.129
1.094
1.077
1.09
1.136
1.07
1.079
1.097
1.12
1.058
1.069
1.116
1.116
1.072
1.068
1.114
1.069
1.065
1.077
1.103
1.051
1.069
1.1
1.096
1.062
1.056
1.095
1.067
1.051
1.087
1.117
1.043
1.05
1.091
1.102
1.058
1.062
1.111
1.078
1.062
1.081
1.133
1.07
1.079
1.118
1.126
1.076
1.091
1.13
1.082
1.088
1.125
1.147
1.088
1.097
1.139
1.143
1.106
1.109
1.149
1.087
1.089
1.133
1.149
1.097
1.104
1.146
1.123
1.111
1.127
1.161
1.086
1.109
1.131
1.126
1.105
1.118
1.147
1.079
1.102
1.147
1.128
1.113
1.12
1.138
1.096
1.091
1.134
1.112
1.102
1.14
1.172
1.115
1.127
1.173
1.134
1.133
1.143
1.144
1.101
1.121
1.147
1.146
1.114
1.1
1.188
1.113
1.095
1.114
1.133
1.079
1.101
1.13
1.12
1.095
1.126
1.144
1.098
1.097
1.168
1.121
1.12
1.152
1.178
1.117
1.111
1.168
1.129
1.094
1.118
1.17
1.11
1.107
1.138
1.139
1.092
1.117
1.168
1.094
1.091
1.121
1.165
1.09
1.097
1.154
1.111
1.11
1.125
1.155
1.087
1.101
1.147
1.146
1.082
1.104
1.148
1.083
1.1
1.133
1.129
1.075
1.103
1.15
1.097
1.09
1.132
1.139
1.082
1.093
1.152
1.121
1.095
1.112
1.165
1.103
1.111
1.153
1.156
1.113
1.127
1.181
1.104
1.109
1.17
1.134
1.109
1.13
1.18
1.103
1.1
1.155
1.141
1.106
1.124
1.178
1.099
1.116
1.152
1.165
1.094
1.09
1.183
1.123
1.107
1.149
1.151
1.104
1.113

