# RR intervals, rhythmhic breathing at 0.1 Hz
1.184
1.138
1.101
1.131
1.176
1.217
1.212
1.207
1.203
1.166
1.156
1.128
1.16
1.188
1.231
1.225
1.22
1.194
1.167
1.132
1.135
1.263
1.249
1.231
1.222
1.221
1.231
1.142
1.142
1.206
1.245
1.241
1.243
1.231
1.218
1.163
1.161
1.233
1.272
1.257
1.245
1.236
1.255
1.186
1.14
1.131
1.175
1.191
1.177
1.191
1.168
1.177
1.113
1.118
1.17
1.221
1.234
1.231
1.216
1.245
1.172
1.125
1.126
1.207
1.197
1.204
1.202
1.183
1.179
1.12
1.111
1.182
1.213
1.226
1.257
1.279
1.254
1.173
1.138
1.155
1.194
1.21
1.191
1.188
1.171
1.184
1.19
1.131
1.233
1.25
1.233
1.216
1.212
1.209
1.146
1.147
1.188
1.227
1.218
1.216
1.173
1.171
1.124
1.087
1.114
1.127
1.162
1.168
1.172
1.158
1.129
1.094
1.1
1.162
1.174
1.187
1.199
1.172
1.175
1.171
1.133
1.116
1.159
1.207
1.198
1.213
1.184
1.12
1.093
1.129
1.159
1.249
1.24
1.192
1.196
1.182
1.229
1.142
1.141
1.208
1.245
1.243
1.216
1.218
1.255
1.167
1.151
1.218
1.259
1.256
1.254
1.232
1.258
1.166
1.15
1.188
1.248
1.243
1.236
1.245
1.241
1.177
1.164
1.159
1.231
1.237
1.202
1.227
1.199
1.189
1.107
1.124
1.181
1.192
1.197
1.197
1.197
1.214
1.143
1.132
1.135
1.214
1.196
1.189
1.235
1.197
1.203
1.137
1.12
1.209
1.258
1.172
1.225
1.199
1.199
1.125
1.122
1.143
1.202
1.223
1.203
1.206
1.209
1.196
1.142
1.13
1.183
1.223
1.199
1.193
1.181
1.13
1.092
1.102
1.179
1.194
1.197
1.154
1.16
1.162
1.192
1.097
1.09
1.149
1.174
1.163
1.168
1.157
1.167
1.145
1.104
1.101
1.168
1.189
1.25
1.162
1.175
1.17
1.101
1.086
1.1
1.179
1.204
1.178
1.165
1.191
1.114
1.055
1.091
1.168
1.177
1.182
1.161
1.146
