-5.688391629507776742e-03
2.359692506017901925e-02
9.260496599456857422e-03
7.668285806953236382e-03
2.151580819827313487e-02
2.511577400625975703e-02
1.179491540528262161e-01
2.020255121469676229e-01
1.776216180154898405e-01
1.346819387937929768e-01
2.104357544396900925e-02
5.202645772758866805e-02
1.973540979331298365e-02
-4.020037552187637891e-02
-1.650208012170982508e-02
-5.365189516200268710e-02
7.412169498568364767e-02
1.520050346823802537e-02
1.997542827413334443e-02
2.556109338129239350e-02
3.615837813817482371e-02
3.801598056564495925e-02
-7.806243583283034582e-02
-1.254636657162217228e-01
-1.495347060510344162e-01
-3.876958504739462692e-03
1.233062788436912159e-02
2.368132005222801581e-02
1.912411739324772902e-02
-4.647980933825231198e-02
-7.286900771288989942e-02
-6.488187911705420655e-03
4.011173042241238107e-02
-3.886045526717431947e-02
-4.871564186691988013e-02
1.566645376830885436e-02
-1.271129763572133586e-01
-1.668701980655514783e-01
-1.953003208605878782e-01
-6.277602799839383796e-02
-1.076871835919052285e-02
4.683255828115649722e-02
-3.255532201339579601e-02
4.650929455558621903e-03
-5.138016788548663977e-02
-6.671295982186378759e-02
-6.357366474930910283e-02
-5.147997882353404914e-02
-1.467416286822173510e-02
-3.166971070286725420e-02
-5.636864225915623125e-03
-7.075190193589041276e-02
-1.000517037294141459e-01
-5.605684392023832507e-02
-6.604319593522148257e-02
4.862299332988714168e-02
1.492532346517455866e-01
1.222166463625623117e-01
5.689688245858806614e-02
-3.212846764065824257e-02
-1.609617781582460203e-02
-2.076292890665644778e-02
-2.705035508856420273e-02
-2.760162790474855049e-02
-8.006081550236658628e-02
8.302814291711513230e-05
-4.983076657766555978e-02
-1.380236556060995823e-01
-9.672712246539071079e-02
-6.443364627095730934e-02
3.046149657658847251e-02
-6.291017467927616236e-02
1.303930504133768084e-02
-1.203955736248083982e-02
-5.230000419249995758e-02
-3.039383606434430118e-02
1.068694398644647742e-01
1.031958490449078197e-01
1.114344922999947196e-01
6.318285979609283842e-02
8.332211613875385725e-02
4.630371941316707707e-02
6.805427006708700266e-02
-3.736994280221390269e-02
2.742174034102518379e-02
4.133935031775581165e-02
-6.224991295770024823e-03
-2.453590869419389892e-02
-1.886061104282532597e-02
-3.580996232041415428e-02
-8.846809317634597714e-02
-7.596921859243474517e-02
-1.949255648214273939e-01
-1.378876301585368336e-01
-9.530468735054876961e-02
-1.879139599037954189e-01
-5.713350019694078685e-02
-6.474523042451796329e-02
3.246812222359608119e-02
-5.373521339616843528e-02
-1.019569859194732891e-01
-2.537286829169487640e-02
-9.647959244994368244e-02
-1.102558448106374239e-01
-1.310113855901759959e-02
3.427976173416116823e-02
1.879059825424869018e-02
-3.480764900785715543e-02
-2.625930702094775998e-02
8.709396468868925434e-02
6.634615976835553375e-02
-3.029185490685614920e-02
-6.806577195417423676e-02
-1.264809544589335089e-01
-1.094633782992951304e-01
-4.335147460256066204e-02
-3.673714124747615856e-02
-4.099111282191096606e-02
-2.873686919995930081e-02
-1.158051472376281921e-01
-2.648665960258905772e-02
-8.266074641651928456e-02
-4.797561837493380388e-02
-1.290371112807255638e-01
-1.130010487150940740e-01
-4.959015862656407370e-02
-1.599220738575720946e-01
-2.028109165807823466e-01
-1.102035445596881158e-01
-1.507090628772689567e-01
-1.653062774604693586e-01
-7.696520587729409335e-02
-4.925840538731959817e-02
-2.346157807178956070e-02
-5.569180953070360790e-02
2.831275898064735883e-02
-1.030511575529929717e-02
2.804843508727600417e-03
-9.807994814231418834e-02
-2.195656074955128489e-01
-7.983271806604691490e-02
-5.430385049168789946e-02
-1.530050305503307950e-01
-1.292917643479323253e-01
-1.513961220347025960e-01
-3.750325642621282762e-02
-1.356462035429290836e-01
-1.900040387930109209e-01
-6.713941943797906153e-02
-1.127333649926226811e-01
-3.000385674394365904e-02
-8.433818552953463443e-02
-1.283201118051274514e-01
-9.416871822570300338e-03
-7.046897248835935768e-02
-1.669634843714135619e-01
-1.306507457948851147e-01
-1.467684210428071845e-01
-7.834131273569210074e-02
-7.974923309734956167e-02
-2.118001688157871709e-01
-1.087456796939988007e-01
-1.722229851177588811e-01
-1.912555412812297351e-01
-2.309822261665428755e-01
-2.210393098552504432e-01
-1.336356849605153385e-01
-1.055371974807347984e-01
-1.819392837846399991e-01
-1.478500243110770773e-01
-1.490654491411385618e-01
-1.176719481130538703e-01
-1.867050214871680269e-01
-1.313334796800014193e-01
-1.066153701325606024e-01
-1.163525071562994256e-01
-1.801653519973453466e-01
-2.134510204148693524e-01
-1.995146212251278917e-01
-1.735121780301532302e-01
-1.854228000529359877e-01
-2.081951487287769798e-01
-2.472156475045289847e-01
-2.522281057374525237e-01
-2.974752943631410740e-01
-2.016218821992394605e-01
-1.577291436242151679e-01
-1.672417541775564898e-01
-1.564908872182141641e-01
-2.467943547751399458e-01
-2.211669331753324530e-01
-2.596219122882024721e-01
-3.040556242045128754e-01
-1.715895051204940347e-01
-2.559116625788603883e-01
-2.344232699695383559e-01
-2.533304820405253288e-01
-2.297852571843756742e-01
-3.902238357397678215e-01
-3.480421446473602187e-01
-2.072314728783478388e-01
-3.279829656425433115e-01
-2.178777940680847458e-01
-1.615533428805086824e-01
-2.636588497451438085e-01
-3.396000183700965680e-01
-2.888077980543994339e-01
-3.320593638731419439e-01
-2.871393960700074355e-01
-3.016241942211483340e-01
-3.347009800739089158e-01
-2.331120471538118133e-01
-2.783185098305794858e-01
-3.333617196662796989e-01
-1.224439579885254620e-01
-1.511070545686967470e-01
-1.676222671232933392e-01
-1.516916779333604692e-01
-2.856777961537930732e-01
-1.414195343671478255e-01
-2.216701379999375665e-01
-1.842629335633879095e-01
-2.467250468085360748e-01
-2.628658587702108473e-01
-1.489985657875814162e-01
-1.070648262860347533e-01
-9.002106179678708020e-02
-8.892973521347341537e-02
-1.657878632098961080e-01
-1.316260810724953489e-01
-1.128582107790286060e-01
3.005448522766255431e-02
-7.213034297406475948e-02
-9.175347994146362818e-02
-1.279153609617226517e-01
-1.110628166499731118e-01
-2.267781295872743907e-01
-2.221554949421901126e-01
-2.079419698107699277e-01
-6.409470143482039195e-02
-1.807479144663823312e-01
-9.102075388686589608e-02
-1.384337014190567018e-02
-1.552305873928268853e-01
-1.090261893374057794e-01
-1.144603298547484937e-01
-1.341002873925241368e-01
-1.404703040798372382e-01
-1.267837669418269975e-01
-1.235943101723000620e-01
-1.722409366073979486e-01
-1.513011309724876796e-01
-2.003121808939328438e-02
-6.101984974531866196e-02
-7.296199345200699016e-02
-1.518602113263107789e-01
-2.213730236497279610e-02
-2.026255147716986282e-01
-2.282125512267494105e-01
-1.276501453794534335e-01
-2.343234110399651515e-01
-1.285204501778681174e-01
-1.507310082945817753e-01
-1.133554326966600967e-01
-1.016730496927912564e-01
-1.276391290030656211e-01
-1.186267028327831069e-01
4.255800749804681399e-02
3.469091981380990203e-02
-1.310325262634119518e-02
4.787187440970843214e-03
-1.471670473532019074e-01
-7.472123082205740785e-02
-6.655770531885255026e-02
-1.657301711372316869e-02
-7.419898095788239611e-03
-4.199011311809073242e-03
-1.877172661720010252e-03
-1.891690774169504929e-01
-1.053426802768926418e-01
-9.148992635168325116e-02
-1.179926328991025841e-01
-1.590153006995167762e-01
-1.320225161625259713e-01
-1.593077185756125724e-01
-1.596013858795670426e-01
-3.533198160727148845e-02
-2.625461228335254291e-02
-1.001603838913403682e-01
-9.766793932474543416e-02
-1.091800657353813320e-01
-1.381444947525584388e-01
-1.806263638112428349e-01
-1.305511210430475300e-01
-1.679300111417114105e-01
-8.692390392672490196e-02
-1.405609418884530282e-01
-9.131056177993424061e-02
-9.214382889554989520e-02
-4.976684744369949676e-02
1.003705156317244093e-02
-2.345840456898220031e-02
-4.994148701463163587e-02
-1.010309210045469419e-01
-5.620606976647434666e-02
-1.067802123792879199e-01
-6.725253561771310507e-02
-1.284493538463515883e-01
-6.473889710840456668e-02
-1.420114989706926512e-01
-8.669018231733378876e-02
-3.582803376399305850e-02
6.265051622491213737e-03
5.171680942354945493e-02
2.003269463229571685e-03
2.047894293838604246e-02
-4.199666464532222226e-02
1.227734576943496567e-02
1.868318687125816724e-02
-2.020508642322869919e-02
9.595451790988480945e-03
9.826464256482281279e-02
3.246745824251331958e-02
6.593815531904825139e-03
-7.370447086297210286e-03
1.212230055199283937e-02
1.084390816900446947e-01
1.136473585877362073e-02
-4.376391878904736799e-02
-1.504350591689284158e-02
-7.460131929914402826e-02
-1.555935185191881232e-02
5.936723747899844833e-02
9.090966809209241953e-03
-7.745194364093356543e-02
4.810543397234234159e-02
1.030535164683874481e-02
-3.381446236186996801e-02
-3.715125604434205836e-02
-2.614737578075768468e-03
-1.272184006721850929e-03
-1.041530484673837686e-01
-1.221374022651824653e-01
-1.507820930382954561e-01
-6.957926783306273011e-02
-1.330731489839442894e-01
-7.974935407486516414e-02
-7.233294685586393047e-02
-5.977582515747516950e-02
-4.997603810146479530e-02
-1.079241833687872021e-01
-1.141560591381002299e-01
-1.715073267240545263e-01
-1.600946747008769738e-02
7.640678226265674999e-02
-5.448621419686634770e-02
-7.681273108517726322e-02
6.912489356391653128e-02
1.116183801440050541e-02
-1.061115935631050215e-02
-1.523649846969152566e-01
-1.113088745546929464e-01
-2.457851864425254773e-02
1.412078403710749844e-02
-6.096691903420953934e-02
-7.825193329860995195e-02
1.994182537020759358e-02
2.994565648455031759e-02
9.494245095898252995e-02
7.257484421479420966e-02
-7.361912411123719413e-02
-9.538071232686234913e-02
-1.399503412727204632e-01
-1.105347259741546739e-01
-1.184770430751708598e-01
-4.208744628111382724e-04
-1.727025093868135575e-02
1.490920949387515744e-02
6.264005770951915075e-02
2.329868867631986265e-02
-3.672818151222451144e-02
-8.679744988046346477e-02
-4.276571984291063083e-02
-4.050236499588805855e-02
-1.984572018763336790e-02
-1.684209805978889585e-01
-8.964758693674122758e-02
-7.630681665038920904e-03
2.292326322783446932e-02
-2.930783432700847721e-02
-1.965336922177416540e-02
-3.424603428505215014e-02
-1.246220211841108927e-01
-1.560785496740041689e-01
-1.894929755868527688e-01
-1.706381872086653040e-01
-2.225824731169339654e-01
-2.077573610201283727e-01
-1.458139245837408726e-01
-1.908638936918030660e-01
-2.912415343996159756e-01
-2.241853128741198298e-01
-1.927703312606726949e-01
-1.134573497768939648e-01
-1.039749116280611480e-01
-1.099157785389116432e-01
-1.467362908948062483e-01
-4.538356631752781672e-02
-7.345103161543742321e-02
-1.018650333112965239e-01
-1.143088019552729838e-02
-1.460671303641655205e-01
-2.098377916350663841e-01
-1.118042345340066468e-01
-9.444766506068662248e-02
-1.338106082439693423e-01
-1.813219906614826349e-01
-1.587634091197824282e-01
-1.121826290373529739e-01
-1.217590701984064272e-01
-8.693248466335318225e-02
-1.284562572066661190e-01
-1.574675078687534369e-01
-9.574037125814606475e-02
-1.237981455995657565e-01
-1.014967147377009299e-01
-1.061365360796844293e-01
-1.272822793640491501e-01
-1.162696213695345454e-01
-1.239652438920507416e-01
-1.944187668534577973e-01
-1.389924529946245657e-01
-4.807627204076143912e-02
5.261706288778354723e-02
-2.624322848527656238e-02
-3.482433363629459933e-02
-2.017928389428877423e-02
-2.740135259511856589e-02
-1.429904932308240575e-02
2.419850333534768246e-03
4.069720032629019213e-02
-1.320102892047494113e-03
2.652124284621899027e-03
5.106452730153575315e-02
3.462797104189688224e-02
-7.703021483207816988e-02
-1.543040369764224831e-02
-9.149363728552686870e-02
-4.989868176209185519e-02
-5.703256512763144742e-02
-9.005139631328365479e-02
-1.751396179108629936e-01
-1.062411518338120531e-01
-9.109653291892578358e-03
-5.982016422830643831e-02
-8.290014532550135651e-02
-1.054607972350396633e-01
-2.164896789775836439e-01
-1.898768370853801124e-01
-2.634102406858864764e-01
-2.672360889696003827e-01
-1.689799077669894289e-01
-1.652422891802866889e-01
-1.305303275262753582e-01
-1.126560658967687700e-01
-1.406283262504850751e-01
-1.710375079359015005e-01
-1.686011396723803568e-01
-1.567628479329667979e-01
-8.347531433403082568e-02
-3.327219343458595602e-02
9.014135650546478695e-02
2.369981965201354429e-02
3.228387124648710721e-02
1.042365925810032068e-01
1.544521232190656790e-01
1.324794790322781080e-01
1.788536017225630381e-01
1.603114451735278279e-01
8.366842521218836870e-02
-1.183487189376123284e-03
4.342494979032298502e-02
3.868567222217225710e-02
6.789726878868131144e-02
7.729255296324441527e-02
5.891771247000175682e-02
-1.593256270395169982e-02
-1.602377289244409642e-02
1.024743411957380473e-01
6.353153651138158942e-02
1.447213479933526226e-01
6.353196736034157077e-02
1.397161410201953335e-01
8.371175214556446365e-02
8.326002426088774389e-02
6.820097585270859519e-02
7.140101467519081868e-02
2.272885672753247304e-03
5.837552308924235517e-02
-3.797215579466200336e-02
4.164888039963914046e-02
1.359091154500358389e-01
1.726021589880820661e-01
7.382278122253085884e-02
2.265606283782943889e-02
7.065958110341065412e-02
2.059138666693898639e-02
7.031510284004564848e-02
-5.882371246904087581e-02
1.300357471492087288e-02
-1.821895636856524572e-03
5.476850945931950078e-03
-1.000330542423594760e-01
-5.442270534890378958e-02
-2.177126901522184743e-02
-6.903989769705726198e-02
-8.489310201449598581e-02
-3.271019793002206966e-02
-1.418483843746341233e-01
-1.934144046914895027e-02
-1.140260932879345046e-01
-1.278544298507961197e-01
-1.283555861470868920e-01
-1.322869809971974620e-01
-1.254758652030326382e-01
-1.500647903129719574e-01
-1.080141443862986106e-01
-3.518120670560824503e-02
-1.399764451591065662e-01
-1.548153014653207704e-01
-1.961241746084538273e-01
-1.559515427902084250e-01
-1.225418618093066792e-01
-1.972000301128981614e-01
-1.704293605379848531e-01
-1.755526310763044218e-01
-1.734496751010762006e-01
-7.991972173154707204e-02
-7.822840865566221824e-02
-1.287270283230739221e-01
-1.434218109228981575e-01
-4.750812605538360517e-02
-6.578945908908140350e-02
-7.773154365773599084e-02
-1.357531543198514379e-01
-5.021978628528270261e-02
-3.672567042787882458e-02
-1.650990523615353534e-01
-1.075697361996459100e-01
-1.100551230091391247e-01
-1.213355767639579669e-01
-1.180088294406785449e-01
-1.962069467945694312e-01
-1.457580870568684628e-01
-8.973702102016034576e-02
-3.556884759412350799e-02
-5.461652399339278485e-02
-1.403678089627480863e-01
-1.425625873715631875e-01
-4.650542201922512608e-02
-8.336653154275515398e-02
1.313033164832492702e-02
-5.463118027936715755e-03
-2.031536909061370036e-02
-1.215908172189728020e-02
-9.589685260829844404e-02
-1.746767928283754212e-01
-1.587677263039191655e-01
-1.611914756507491775e-01
-1.683660165036977574e-01
-2.409407023648854618e-01
-2.414754829727658869e-01
-1.824878844216833440e-01
-1.137888868961189348e-01
-1.042667205539152958e-01
-9.948795051213055185e-02
-2.484141884698232161e-01
-1.466144914310375802e-01
-1.650851629552705924e-01
-2.346543075192071004e-01
-1.526625834820557470e-01
-8.920025962648620022e-02
-8.174748343360978275e-02
-1.278872407042085102e-01
-1.105237420203833421e-01
-1.619529234383962346e-01
-1.751470323219529168e-01
-2.262810624701502571e-01
-9.919720806125442714e-02
-1.767014890138664251e-01
-1.706750971975722064e-01
-9.347093285065938631e-03
-1.094921718718574050e-01
3.548760032579963142e-02
-3.034752753527686711e-02
-2.365184331270325097e-02
-6.251299337413590562e-02
-6.166191170555397616e-02
-1.187042598455462644e-01
-5.362702412636236038e-02
-4.430573191981999198e-02
2.357830035955717565e-02
2.135143891149059170e-02
-1.042469856036827569e-01
-8.933924736493149832e-02
-6.208514172832424460e-02
-1.089868229060347721e-01
-1.775451665040653215e-01
-1.583715729832578245e-01
-2.202569492099476778e-01
-1.870357433433386118e-01
-1.112129191901936875e-01
-1.776655636639813962e-01
-2.305829127936572520e-01
-1.945819725164336655e-01
-1.443626576312695142e-01
-1.139740561830088622e-01
-4.140927852490432215e-02
-1.360316651401136390e-01
-1.552128068693658658e-01
-6.122067800190521963e-02
-1.378804729659624702e-02
2.975657619226160580e-02
1.825915902789100251e-02
5.310451040438581016e-02
6.947134504879048933e-02
7.258479209458016876e-03
4.282531732468249780e-02
-3.511134519649488500e-02
-1.827528582001255175e-01
-1.478243021549855152e-01
-1.111008139003066414e-01
-1.349747474867228902e-01
-9.946372162121375204e-02
-1.508770957594315343e-01
-1.342842300361662411e-01
-6.310665259300073104e-02
-3.616534400626976453e-02
-6.671758880552788873e-02
-9.554585698390181958e-02
-1.259151635211370468e-01
-3.868493666384182489e-02
-4.070168478711225918e-02
-1.168192423789778667e-01
-1.854504656163626919e-01
-7.983913160543486265e-02
-7.369012965278415317e-02
-8.783924260269258821e-02
-7.141778161746790976e-02
-1.581730275731986490e-01
-1.856404128315153335e-01
-1.305577079241960203e-01
-8.727741079594512896e-02
-8.006870047210629115e-02
5.348435474096992215e-02
2.520191181813446341e-02
-5.365899948796788721e-02
-6.138728506479800007e-02
-3.597822905564175555e-02
-9.933604618461823466e-02
-1.277833811861086022e-01
-1.112476449257821104e-01
-1.463182219541700121e-02
-2.185568380389678322e-02
-1.080324182161716134e-01
-3.832771161517264935e-02
-1.854873153751658912e-02
-4.012966836973758805e-02
-4.852013574116349065e-02
-4.876533782435570064e-02
8.519764285188262398e-02
1.662532568798971155e-01
9.065536675964606939e-02
2.057028576855303437e-02
8.113744174222942140e-02
5.703586166399995244e-02
-2.746853265228148960e-02
-4.855101906710574539e-02
-4.312496899497161168e-02
6.985353975600844603e-03
1.415800495733673557e-03
3.292029887605570776e-02
8.751991664736218091e-02
5.516921079850967830e-02
1.065818052480100031e-01
4.421500803554026526e-02
3.076507186536780319e-02
4.328965283446230966e-02
-1.254646034665862775e-01
-1.013730461220846285e-01
-8.346178222778355416e-02
-2.316259836259570160e-01
-2.297314325814846792e-01
-1.226891822612461991e-01
-1.034133908790273587e-01
-1.811073465253121573e-01
1.119967551823340852e-02
-4.703698367494218296e-02
-5.758871832733987450e-02
-4.814152249734952871e-02
-9.153709413514468651e-02
2.184679812856899113e-03
-2.319139871296843625e-02
-9.526457261382867414e-02
-3.712216207019597598e-03
-1.431065049978293841e-02
-9.510546328511242098e-02
-1.270673191044099370e-01
-9.932255241740006735e-02
-1.186631747321514191e-01
-1.793673322382371982e-01
-1.830827771461571163e-01
-1.107364776906441250e-01
-3.790377728529343432e-02
-1.453922015405212653e-01
-2.341612324126492450e-01
-2.493079863953658049e-01
-1.179296656941028615e-01
-2.029106439536228490e-01
-1.086030262908109500e-01
-1.082899917757361857e-01
-1.508532053703794673e-01
-9.427147815733936953e-02
-4.024523533859844515e-02
-1.477016311898787446e-02
-2.439597600508539021e-02
-9.008083099968400287e-02
-6.159507317861491471e-02
1.657277764456168215e-02
1.958473327397232747e-02
-5.787955972102501803e-03
3.798818074872425954e-02
-7.357437477845436835e-02
-1.218417299165774348e-01
-1.039356422928725543e-01
-1.220033803402445077e-01
-1.045105194457053160e-01
-1.085078745185405896e-01
-7.402556109337649071e-02
-1.816986798341230919e-02
-2.284240394889304471e-02
4.074208576694346440e-02
-2.524483828295631671e-02
-1.123545131993408941e-01
-7.073241034531668747e-02
-4.641934359606914029e-02
-1.081279479760523243e-01
1.310103709647753370e-02
-1.905449882804165218e-02
-5.809339298156800113e-02
3.819820834188301581e-03
5.262396871642685547e-02
-5.059978589000291987e-02
4.868977752912545705e-03
5.199856393402348814e-02
3.865327554035600383e-02
1.065846807794336992e-01
1.084317336271146542e-01
6.681184733685256727e-02
5.107188130128589160e-02
2.839222077683034931e-02
7.272215339176533490e-03
3.925949239610798669e-02
2.567108226797552156e-02
5.747862310483926179e-02
5.083379832171654872e-02
1.617104394384746568e-01
1.376510477429454538e-01
1.655842701650315774e-01
1.096821170161236952e-01
1.974663822746924868e-01
5.561287585374352638e-02
3.379637987801135252e-02
5.917472415910206979e-02
4.267204716330130765e-02
4.305270895428463945e-02
4.260605671874802963e-02
1.377199653825815842e-02
7.034344134082111399e-03
7.551944604869781537e-03
-4.625691907499016736e-02
8.361343418750195877e-02
6.967116930801121877e-02
5.515502066827384503e-02
-8.311365646755287939e-02
1.351723765896682694e-02
-1.090078111715101633e-02
-4.345397481029604145e-03
7.754275574792529602e-02
-5.922187467819219758e-02
5.157334346543977072e-02
1.390262120900910281e-01
4.463040425009449919e-02
4.905621863423598877e-02
1.445968928380510776e-01
-1.858021313059984511e-02
4.538555966134762837e-02
8.720057597754800327e-02
4.870448536102505582e-02
2.984544193210901270e-03
2.587724224012809965e-02
-6.655689374970202854e-02
-9.458859905810954039e-02
-4.013965818781906753e-02
4.500726287927540176e-02
-7.523078889700511585e-02
-8.490893553197394195e-02
-6.060942224867059414e-02
5.315983054479218699e-03
1.322132848541902189e-02
-9.990515966764283717e-02
4.413885822404626375e-02
-6.713074845659958156e-02
-7.952529703553927465e-02
-7.532187177442295489e-02
-8.112110236132510921e-02
-7.127038633381586885e-02
-2.630009556869817439e-02
-8.517027122601222855e-02
-4.142885384371654267e-02
-2.055629362944535674e-02
5.403820177587128530e-04
-6.384539285654741714e-02
-2.244232981584458331e-03
-5.765096349441769380e-02
-2.092885145525936672e-02
7.504363505677755231e-02
1.775421475801415294e-01
1.562354071862849247e-01
9.798350283284576467e-02
7.418651823869834572e-02
-1.713748918028231566e-02
7.131579210106056554e-02
1.297847657197936100e-01
7.165681141008238553e-02
1.444224549395785318e-01
1.520580340173162126e-01
1.850122067937524095e-01
5.096460498087936053e-03
3.828827024629876535e-02
-7.116135761848543795e-02
-5.590135081870840211e-02
6.879553041024912691e-03
6.252388022570488924e-02
3.444455973256095593e-02
1.059056317012243842e-01
-1.837740832154340781e-02
-3.402814328410603412e-02
-4.363975814543864795e-02
9.202617027835632846e-03
-9.854421758497039496e-02
2.035583260969516927e-03
3.458750477585286615e-02
9.836957696475934210e-02
1.587340051196053647e-01
1.178058410501324066e-01
8.085435217980387057e-02
7.449687713472977202e-02
-7.907703373898278959e-03
4.710693035897300235e-02
3.812157111782364660e-02
7.474107917657298039e-02
-3.621248219080236246e-03
-7.696762153812691971e-03
-1.608451803052233164e-04
3.154962972720992687e-02
5.001426508427376377e-02
1.965053873468358692e-02
4.898570187640710616e-02
5.188064331181384270e-02
7.485057786935978008e-02
2.313011510891989711e-02
9.106131958646641877e-02
9.520744720018706198e-02
-4.021629194287536235e-02
-8.822294688051511569e-02
5.801459279282778631e-02
-3.040897199002827868e-04
1.320312099220727342e-01
6.271385503054480171e-02
5.956245557720555445e-02
-1.612887044126740110e-02
2.995231193962148014e-02
-8.218609748862498038e-03
-9.439891377410277243e-03
-2.912818441616460072e-02
7.366138258858934140e-02
4.970598192800713966e-02
-4.962418968611645442e-02
-3.130535444928973787e-02
1.644302331721304855e-02
6.331153490829909136e-02
7.195294622980824562e-02
-6.286697091816187410e-02
3.410907428898227872e-02
8.198363371932315680e-02
1.631239764415565174e-02
7.820449320292369166e-03
-2.450160077992824884e-02
5.309469477876063020e-02
6.314888443874225321e-02
9.650159813997329084e-02
1.726822520754012213e-01
8.426629707914765066e-02
8.016243290737648519e-02
3.945320184536955238e-02
4.217415263613497056e-02
-1.068905287555418915e-02
-1.381744403171795456e-02
-8.567198950165249042e-04
-3.217918852448622968e-02
-5.626117673516344703e-02
7.413402480855595285e-03
2.640001904244579020e-02
-5.897462606790712658e-02
-8.702361277663750450e-02
6.480191419757412585e-02
-8.207645377241739107e-03
9.008431057229210337e-02
-8.029349853501149825e-03
5.798630074558110484e-03
-3.567894373845153372e-02
-6.317369710935022420e-02
8.409093009276514749e-03
5.300311293272898239e-02
1.043275439498501378e-01
7.131140568510481448e-02
1.239450177367787398e-01
2.344020576429258623e-02
-3.661658170121862010e-02
-5.402636385320321033e-02
-5.488965643696927521e-02
2.729431906997824286e-02
-3.578109603637791986e-02
-3.500326310710413346e-03
4.483771946986066931e-02
-2.678284258279515703e-02
7.190353539985573639e-02
6.492617300303518690e-02
7.231903581985164864e-02
1.261578159593572945e-01
1.225658967410011846e-01
1.732587745475263827e-02
-3.677592710670622017e-02
2.273382588968937690e-02
3.589483957859721658e-02
1.327151324768304774e-01
9.001230277464349061e-02
1.683976929810752921e-01
1.425753164495527914e-01
1.381912453765960225e-01
6.115026989038531424e-02
3.231341764576547287e-02
7.045112253615481990e-02
4.393757752586976290e-02
5.301704856886903933e-02
8.648068842527109612e-02
3.552380826279664949e-02
9.036381831206895254e-02
1.179353892735716114e-01
1.270861728119930256e-01
3.318521999149508933e-02
1.137713720297150871e-01
9.516326744545758332e-02
1.598451512529589225e-01
2.003515908956444991e-01
1.759623124278643647e-01
9.731891297386377482e-02
1.384417314672315158e-01
2.562201159366468695e-02
1.132473639728466402e-01
8.191722979759721857e-02
6.043527026397502167e-02
2.569682513458291725e-02
6.301639794756615232e-02
-1.326925043289065758e-03
8.424765599667201343e-02
4.473354269187577309e-02
2.603152035357058497e-02
9.696413672846884713e-02
2.045016325875625429e-01
1.577789340551979669e-01
9.173221057718052018e-02
6.628205266985388866e-02
1.012005383422860949e-01
4.559390009774631075e-02
1.176169708802178165e-01
1.028622961699161564e-01
7.767784947162770237e-02
4.668632110959109599e-02
-5.888852708268482034e-02
5.813499143242224082e-02
4.434146491635382326e-02
9.654358394005242705e-02
9.476978559269680358e-02
4.628596272810915624e-02
7.998006971873618254e-02
8.163583681081960919e-02
5.335335047269090802e-02
1.142383252292372281e-01
